0 0.15990410052910053 0.6945957341269842 0.2920304232804233 0.28204613095238096
0 0.43038359788359787 0.6764955357142858 0.2642096560846561 0.27065228174603173
0 0.7415376984126983 0.6343477182539683 0.2185251322751323 0.2558010912698413
0 0.9052281746031745 0.6197197420634921 0.08240079365079366 0.2612624007936508
0 0.5481051587301587 0.530967261904762 0.15573412698412697 0.17304811507936507
0 0.1327910052910053 0.5813020833333333 0.22458002645502645 0.1596279761904762
0 0.3477248677248677 0.5438690476190476 0.20205357142857142 0.11948412698412698
0 0.3930291005291005 0.46403521825396826 0.0902876984126984 0.08878472222222222
0 0.12221560846560846 0.48610615079365077 0.12406084656084657 0.06843998015873015
0 0.9384920634920635 0.48362599206349205 0.12301587301587301 0.07340029761904762
0 0.8192460317460317 0.4967633928571429 0.14246031746031745 0.0947172619047619
0 0.6826851851851852 0.4980059523809524 0.11404761904761905 0.07240079365079366
0 0.6132440476190476 0.4486656746031746 0.2000297619047619 0.06796626984126984