0 0.710459656084656 0.5530381944444445 0.1431415343915344 0.15270337301587303
0 0.24951719576719575 0.4888293650793651 0.16041335978835977 0.09868799603174604
0 0.5302414021164021 0.7637599206349206 0.31842261904761904 0.3658110119047619
0 0.828832671957672 0.8747519841269841 0.18147817460317459 0.25049603174603174
0 0.7686574074074074 0.6777405753968254 0.1272585978835979 0.2483358134920635
0 0.7134391534391534 0.653187003968254 0.06312169312169312 0.2934771825396825
0 0.5216468253968254 0.5218055555555555 0.23509589947089946 0.10015625
1 0.43071759259259257 0.4590749007936508 0.17889880952380952 0.09870535714285715
5 0.6803670634920634 0.3598859126984127 0.18216269841269842 0.17810515873015872
4 0.7779166666666667 0.4719766865079365 0.06641534391534391 0.04514136904761905
2 0.504457671957672 0.38467261904761907 0.1478042328042328 0.2276810515873016