4 0.8681878306878307 0.5203249007936508 0.08689814814814814 0.05949156746031746
2 0.5980357142857143 0.4198809523809524 0.15638558201058203 0.22865079365079363
5 0.7874966931216931 0.42458829365079365 0.3170568783068783 0.2628645833333333
0 0.32126984126984126 0.5076661706349207 0.19148148148148147 0.1363640873015873
0 0.5467757936507937 0.8141021825396826 0.31180555555555556 0.29288690476190476
0 0.8767757936507936 0.7555977182539683 0.2442956349206349 0.21556299603174603
0 0.8073412698412699 0.5671726190476191 0.198015873015873 0.13632936507936508
0 0.3850760582010582 0.8995535714285714 0.49766203703703704 0.20089285714285715
0 0.25315145502645503 0.7070039682539683 0.280109126984127 0.19773809523809524
0 0.5755456349206349 0.6519791666666667 0.270135582010582 0.07776537698412699
