1 0.2620258620689655 0.5306014150943396 0.4507974137931034 0.3135731132075472
1 0.730021551724138 0.4304127358490566 0.3594827586206897 0.1996698113207547
1 0.231875 0.34968160377358487 0.27551724137931033 0.08142688679245283
1 0.4753879310344828 0.33945754716981136 0.20221982758620688 0.10816037735849056
1 0.8200431034482759 0.739445754716981 0.3599137931034483 0.43645047169811324
0 0.559073275862069 0.49130896226415094 0.16124999999999998 0.2821580188679245
0 0.06487068965517241 0.3940683962264151 0.09237068965517241 0.14663915094339622
0 0.5511853448275862 0.3131367924528302 0.13683189655172415 0.07909198113207547
0 0.8381465517241379 0.4084080188679245 0.22370689655172413 0.2028183962264151
0 0.7016594827586207 0.28464622641509435 0.06568965517241379 0.08893867924528302
0 0.8302586206896552 0.2860141509433962 0.10732758620689654 0.06417452830188679
