4 0.5313492063492063 0.36046130952380956 0.13764550264550265 0.21065972222222223
5 0.06302579365079365 0.15506448412698412 0.12605489417989418 0.3101314484126984
5 0.2263723544973545 0.14044146825396825 0.12735119047619048 0.279890873015873
8 0.6526984126984127 0.2336061507936508 0.06730489417989419 0.12396081349206349
6 0.3271031746031746 0.204265873015873 0.05542328042328042 0.14794394841269842
6 0.746114417989418 0.2126016865079365 0.06233465608465608 0.1514310515873016
6 0.3834490740740741 0.2031076388888889 0.05151124338624339 0.1325719246031746
6 0.47357473544973544 0.20827628968253967 0.10940806878306879 0.12058531746031746
6 0.8169775132275132 0.21529761904761907 0.06208664021164021 0.1544717261904762
6 0.9489947089947091 0.2012425595238095 0.07810515873015873 0.18588541666666666
