0 0.09543320105820105 0.5555059523809525 0.07710978835978836 0.22708333333333333
0 0.23993055555555554 0.5661681547619047 0.12139550264550265 0.23352430555555556
0 0.4012962962962963 0.5279910714285715 0.07375330687830688 0.18693452380952383
0 0.49387896825396826 0.4987351190476191 0.07373677248677249 0.16612599206349207
0 0.578859126984127 0.474937996031746 0.0783531746031746 0.13043402777777777
0 0.38178240740740743 0.77828125 0.4883796296296296 0.3998139880952381
0 0.786712962962963 0.7914236111111111 0.4265707671957672 0.38145833333333334
0 0.6225 0.6271602182539683 0.2714517195767196 0.2463814484126984
0 0.7121130952380952 0.5334499007936507 0.1398346560846561 0.14825148809523808
0 0.7865145502645503 0.508655753968254 0.09683531746031745 0.1581845238095238
0 0.9599867724867724 0.6058531746031747 0.08002645502645503 0.13432539682539682
0 0.9632936507936508 0.5136259920634921 0.07341269841269842 0.06892113095238095
0 0.9732142857142857 0.47619047619047616 0.05357142857142857 0.04861111111111111
4 0.03723875661375661 0.7270882936507936 0.06654100529100529 0.1932638888888889
