0 0.19164351851851852 0.7833482142857143 0.3555125661375661 0.3504265873015873
0 0.7342559523809523 0.7902901785714286 0.37592261904761903 0.3643080357142857
0 0.08385912698412698 0.624437003968254 0.12671296296296297 0.2161359126984127
0 0.3272222222222222 0.6621180555555555 0.1637070105820106 0.25181547619047623
0 0.21149470899470899 0.5805605158730159 0.1042063492063492 0.15318204365079366
0 0.37087301587301585 0.6038616071428572 0.11873015873015874 0.18986359126984126
0 0.6244874338624339 0.5959300595238095 0.15638227513227512 0.17400049603174605
0 0.7412070105820106 0.626922123015873 0.2509325396825397 0.1715029761904762
0 0.9484126984126984 0.616264880952381 0.10317460317460317 0.14522817460317458
0 0.5454629629629629 0.5061780753968255 0.07108465608465608 0.14330853174603175
0 0.4951984126984127 0.5522842261904761 0.12928902116402116 0.22559771825396827
